0,0,2279.16552734375, contrastive
0,1,1140.9603271484375, contrastive
0,2,1343.6597900390625, contrastive
0,3,153.37094116210938, contrastive
0,4,-4.789468765258789, ascent
0,4,3.1952199935913086, descent
0,5,-28.814748764038086, ascent
0,5,35.2396354675293, descent
0,6,-14.070940971374512, ascent
0,6,27.614273071289062, descent
0,7,-6.247200012207031, ascent
0,7,24.149154663085938, descent
0,8,-3.70802903175354, ascent
0,8,16.59792709350586, descent
0,9,-3.6159307956695557, ascent
0,9,9.829790115356445, descent
0,10,-5.653841972351074, ascent
0,10,6.647720813751221, descent
0,11,-7.151163101196289, ascent
0,11,4.892398357391357, descent
0,12,-8.934843063354492, ascent
0,12,4.983806610107422, descent
0,13,-10.585182189941406, ascent
0,13,5.925999164581299, descent
0,14,-9.5726957321167, ascent
0,14,5.186936378479004, descent
0,15,-7.469535827636719, ascent
0,15,3.8952062129974365, descent
0,16,-5.945006370544434, ascent
0,16,3.2185328006744385, descent
0,17,-5.360964775085449, ascent
0,17,3.130005359649658, descent
0,18,-5.191437721252441, ascent
0,18,3.217066764831543, descent
0,19,-5.035525321960449, ascent
0,19,3.1740987300872803, descent
0,20,-4.772261619567871, ascent
0,20,2.9638514518737793, descent
0,21,-4.460565090179443, ascent
0,21,2.7135066986083984, descent
0,22,-4.183286666870117, ascent
0,22,2.5297436714172363, descent
0,23,-3.9525372982025146, ascent
0,23,2.4283673763275146, descent
0,24,-3.753723621368408, ascent
0,24,2.373701810836792, descent
0,25,-3.587956428527832, ascent
0,25,2.332092523574829, descent
0,26,-3.4638020992279053, ascent
0,26,2.2826497554779053, descent
0,27,-3.4032466411590576, ascent
0,27,2.218730926513672, descent
0,28,-3.411757707595825, ascent
0,28,2.1492621898651123, descent
0,29,-3.4751415252685547, ascent
0,29,2.085973024368286, descent
0,30,-3.5584187507629395, ascent
0,30,2.0328962802886963, descent
0,31,-3.626715660095215, ascent
0,31,1.9895508289337158, descent
1,0,2004.60400390625, contrastive
1,1,2061.90966796875, contrastive
1,2,1836.473388671875, contrastive
1,3,1477.962890625, contrastive
1,4,-3.480172872543335, ascent
1,4,2.0041351318359375, descent
1,5,-3.511669635772705, ascent
1,5,1.990435004234314, descent
1,6,-3.5214552879333496, ascent
1,6,1.9746439456939697, descent
1,7,-3.5154664516448975, ascent
1,7,1.9527333974838257, descent
1,8,-3.499209403991699, ascent
1,8,1.9222731590270996, descent
1,9,-3.475557327270508, ascent
1,9,1.8839081525802612, descent
1,10,-3.4480903148651123, ascent
1,10,1.8410167694091797, descent
1,11,-3.419867992401123, ascent
1,11,1.7978668212890625, descent
1,12,-3.391328811645508, ascent
1,12,1.7579182386398315, descent
1,13,-3.364274501800537, ascent
1,13,1.722710132598877, descent
1,14,-3.342440605163574, ascent
1,14,1.6916468143463135, descent
1,15,-3.3287062644958496, ascent
1,15,1.6628259420394897, descent
1,16,-3.3223981857299805, ascent
1,16,1.6343021392822266, descent
1,17,-3.320756196975708, ascent
1,17,1.6047635078430176, descent
1,18,-3.3189101219177246, ascent
1,18,1.574032187461853, descent
1,19,-3.3097786903381348, ascent
1,19,1.5424588918685913, descent
1,20,-3.285889148712158, ascent
1,20,1.5106464624404907, descent
1,21,-3.2425127029418945, ascent
1,21,1.4794085025787354, descent
1,22,-3.1792428493499756, ascent
1,22,1.4495328664779663, descent
1,23,-3.099921464920044, ascent
1,23,1.4216276407241821, descent
1,24,-3.012305498123169, ascent
1,24,1.396045446395874, descent
1,25,-2.9263954162597656, ascent
1,25,1.3728309869766235, descent
1,26,-2.852414131164551, ascent
1,26,1.3516533374786377, descent
1,27,-2.799492359161377, ascent
1,27,1.331834077835083, descent
1,28,-2.774186372756958, ascent
1,28,1.3125903606414795, descent
1,29,-2.779499053955078, ascent
1,29,1.2934787273406982, descent
1,30,-2.812962532043457, ascent
1,30,1.274609088897705, descent
1,31,-2.868257761001587, ascent
1,31,1.2565163373947144, descent
2,0,2253.1728515625, contrastive
2,1,1600.6632080078125, contrastive
2,2,1063.422607421875, contrastive
2,3,694.3388671875, contrastive
2,4,-3.3466367721557617, ascent
2,4,1.539897084236145, descent
2,5,-3.2826433181762695, ascent
2,5,1.4480586051940918, descent
2,6,-3.149580717086792, ascent
2,6,1.339134931564331, descent
2,7,-3.0188934803009033, ascent
2,7,1.257590889930725, descent
2,8,-2.941356658935547, ascent
2,8,1.223286509513855, descent
2,9,-2.9343833923339844, ascent
2,9,1.2291258573532104, descent
2,10,-3.000258207321167, ascent
2,10,1.249318242073059, descent
2,11,-3.1208789348602295, ascent
2,11,1.2555514574050903, descent
2,12,-3.268195867538452, ascent
2,12,1.2358654737472534, descent
2,13,-3.4166955947875977, ascent
2,13,1.2001558542251587, descent
2,14,-3.5439047813415527, ascent
2,14,1.1659152507781982, descent
2,15,-3.630892038345337, ascent
2,15,1.1417605876922607, descent
2,16,-3.661266326904297, ascent
2,16,1.1251869201660156, descent
2,17,-3.6333911418914795, ascent
2,17,1.1105966567993164, descent
2,18,-3.5668513774871826, ascent
2,18,1.0962042808532715, descent
2,19,-3.4953114986419678, ascent
2,19,1.08429753780365, descent
2,20,-3.448558807373047, ascent
2,20,1.0762633085250854, descent
2,21,-3.4391543865203857, ascent
2,21,1.0694364309310913, descent
2,22,-3.465426445007324, ascent
2,22,1.0587903261184692, descent
2,23,-3.5198140144348145, ascent
2,23,1.0418802499771118, descent
2,24,-3.591674327850342, ascent
2,24,1.0214710235595703, descent
2,25,-3.6706461906433105, ascent
2,25,1.0032895803451538, descent
2,26,-3.7451372146606445, ascent
2,26,0.9914216995239258, descent
2,27,-3.8016974925994873, ascent
2,27,0.9854468107223511, descent
2,28,-3.8283743858337402, ascent
2,28,0.9811049103736877, descent
2,29,-3.8232123851776123, ascent
2,29,0.9737748503684998, descent
2,30,-3.8002586364746094, ascent
2,30,0.962083101272583, descent
2,31,-3.7832629680633545, ascent
2,31,0.9483315944671631, descent
3,0,2777.1962890625, contrastive
3,1,1728.002685546875, contrastive
3,2,966.328857421875, contrastive
3,3,546.1484375, contrastive
3,4,-4.712316513061523, ascent
3,4,1.4215606451034546, descent
3,5,-4.4308037757873535, ascent
3,5,1.252959966659546, descent
3,6,-4.1147141456604, ascent
3,6,1.0934970378875732, descent
3,7,-3.923551559448242, ascent
3,7,1.024340271949768, descent
3,8,-3.86932635307312, ascent
3,8,1.0181564092636108, descent
3,9,-3.9387524127960205, ascent
3,9,1.024910807609558, descent
3,10,-4.1350998878479, ascent
3,10,1.0230140686035156, descent
3,11,-4.437036514282227, ascent
3,11,1.0168482065200806, descent
3,12,-4.757774353027344, ascent
3,12,1.0143359899520874, descent
3,13,-4.98423957824707, ascent
3,13,1.0094935894012451, descent
3,14,-5.03624153137207, ascent
3,14,0.9871447682380676, descent
3,15,-4.914108753204346, ascent
3,15,0.9430175423622131, descent
3,16,-4.709144592285156, ascent
3,16,0.8942806124687195, descent
3,17,-4.53782844543457, ascent
3,17,0.8668482899665833, descent
3,18,-4.472595691680908, ascent
3,18,0.8714414834976196, descent
3,19,-4.51536750793457, ascent
3,19,0.8925643563270569, descent
3,20,-4.626560211181641, ascent
3,20,0.9033833742141724, descent
3,21,-4.760193824768066, ascent
3,21,0.8898505568504333, descent
3,22,-4.882039546966553, ascent
3,22,0.859749436378479, descent
3,23,-4.9758687019348145, ascent
3,23,0.8305378556251526, descent
3,24,-5.029364585876465, ascent
3,24,0.8139773011207581, descent
3,25,-5.040515422821045, ascent
3,25,0.8101944327354431, descent
3,26,-5.0169878005981445, ascent
3,26,0.8111943602561951, descent
3,27,-4.981810092926025, ascent
3,27,0.8089101314544678, descent
3,28,-4.962155818939209, ascent
3,28,0.8020656704902649, descent
3,29,-4.976493835449219, ascent
3,29,0.7947521209716797, descent
3,30,-5.02462911605835, ascent
3,30,0.7885766625404358, descent
3,31,-5.090053558349609, ascent
3,31,0.7804286479949951, descent
4,0,2849.691162109375, contrastive
4,1,1545.661865234375, contrastive
4,2,677.7044067382812, contrastive
4,3,380.63848876953125, contrastive
4,4,-6.61279296875, ascent
4,4,1.416617751121521, descent
4,5,-6.079339504241943, ascent
4,5,1.1683807373046875, descent
4,6,-5.440877914428711, ascent
4,6,0.9429628252983093, descent
4,7,-5.026999473571777, ascent
4,7,0.8876098394393921, descent
4,8,-4.859400749206543, ascent
4,8,0.917181134223938, descent
4,9,-4.922125816345215, ascent
4,9,0.9218651652336121, descent
4,10,-5.228574275970459, ascent
4,10,0.8934960961341858, descent
4,11,-5.726408958435059, ascent
4,11,0.8902164697647095, descent
4,12,-6.214176177978516, ascent
4,12,0.9224176406860352, descent
4,13,-6.459516525268555, ascent
4,13,0.9318135976791382, descent
4,14,-6.367161273956299, ascent
4,14,0.8827995657920837, descent
4,15,-6.047704696655273, ascent
4,15,0.8094267845153809, descent
4,16,-5.725300312042236, ascent
4,16,0.7602108716964722, descent
4,17,-5.555544376373291, ascent
4,17,0.7554098963737488, descent
4,18,-5.573365211486816, ascent
4,18,0.7825424075126648, descent
4,19,-5.718698501586914, ascent
4,19,0.8097202777862549, descent
4,20,-5.911093711853027, ascent
4,20,0.8123531341552734, descent
4,21,-6.078968524932861, ascent
4,21,0.7896365523338318, descent
4,22,-6.182149887084961, ascent
4,22,0.7583551406860352, descent
4,23,-6.215832710266113, ascent
4,23,0.7357741594314575, descent
4,24,-6.186498641967773, ascent
4,24,0.7268112897872925, descent
4,25,-6.110282897949219, ascent
4,25,0.7237290143966675, descent
4,26,-6.0201849937438965, ascent
4,26,0.718221127986908, descent
4,27,-5.952444076538086, ascent
4,27,0.7124084830284119, descent
4,28,-5.9237189292907715, ascent
4,28,0.7125998139381409, descent
4,29,-5.924135684967041, ascent
4,29,0.7156802415847778, descent
4,30,-5.9339776039123535, ascent
4,30,0.7113819718360901, descent
4,31,-5.953211307525635, ascent
4,31,0.6965795755386353, descent
5,0,2752.01220703125, contrastive
5,1,1319.514404296875, contrastive
5,2,527.176513671875, contrastive
5,3,266.0378723144531, contrastive
5,4,-7.955282211303711, ascent
5,4,1.395591378211975, descent
5,5,-7.2436652183532715, ascent
5,5,1.1103953123092651, descent
5,6,-6.4167656898498535, ascent
5,6,0.8556539416313171, descent
5,7,-5.891781330108643, ascent
5,7,0.8087533712387085, descent
5,8,-5.654970645904541, ascent
5,8,0.8599199652671814, descent
5,9,-5.677923202514648, ascent
5,9,0.8674086332321167, descent
5,10,-5.9430131912231445, ascent
5,10,0.8255119323730469, descent
5,11,-6.389892578125, ascent
5,11,0.811934232711792, descent
5,12,-6.834137916564941, ascent
5,12,0.8448362946510315, descent
5,13,-7.0555644035339355, ascent
5,13,0.8646402359008789, descent
5,14,-6.96931791305542, ascent
5,14,0.8276580572128296, descent
5,15,-6.686437606811523, ascent
5,15,0.7557164430618286, descent
5,16,-6.410404682159424, ascent
5,16,0.6947510242462158, descent
5,17,-6.286126136779785, ascent
5,17,0.6777660250663757, descent
5,18,-6.3315749168396, ascent
5,18,0.7056649327278137, descent
5,19,-6.465996742248535, ascent
5,19,0.7446003556251526, descent
5,20,-6.595006465911865, ascent
5,20,0.7550618648529053, descent
5,21,-6.668500900268555, ascent
5,21,0.7291238307952881, descent
5,22,-6.69015645980835, ascent
5,22,0.6928520798683167, descent
5,23,-6.691059589385986, ascent
5,23,0.6720527410507202, descent
5,24,-6.6902875900268555, ascent
5,24,0.6674207448959351, descent
5,25,-6.681126117706299, ascent
5,25,0.6633252501487732, descent
5,26,-6.654660224914551, ascent
5,26,0.6538638472557068, descent
5,27,-6.60767936706543, ascent
5,27,0.6469961404800415, descent
5,28,-6.538321018218994, ascent
5,28,0.6479005217552185, descent
5,29,-6.45216703414917, ascent
5,29,0.6513994932174683, descent
5,30,-6.374777317047119, ascent
5,30,0.6495504379272461, descent
5,31,-6.34702730178833, ascent
5,31,0.6395825147628784, descent
6,0,2622.2158203125, contrastive
6,1,1135.482666015625, contrastive
6,2,426.1192321777344, contrastive
6,3,175.8896026611328, contrastive
6,4,-8.575271606445312, ascent
6,4,1.2328896522521973, descent
6,5,-7.923764228820801, ascent
6,5,1.0039958953857422, descent
6,6,-7.105642795562744, ascent
6,6,0.7834932804107666, descent
6,7,-6.5369133949279785, ascent
6,7,0.7262848615646362, descent
6,8,-6.2503252029418945, ascent
6,8,0.7633386254310608, descent
6,9,-6.215725421905518, ascent
6,9,0.7796618342399597, descent
6,10,-6.394372940063477, ascent
6,10,0.7509067058563232, descent
6,11,-6.701084136962891, ascent
6,11,0.7287423014640808, descent
6,12,-7.022299289703369, ascent
6,12,0.7423912286758423, descent
6,13,-7.222684383392334, ascent
6,13,0.7653141617774963, descent
6,14,-7.236279010772705, ascent
6,14,0.7559710144996643, descent
6,15,-7.104782581329346, ascent
6,15,0.7058247327804565, descent
6,16,-6.94706392288208, ascent
6,16,0.6439688205718994, descent
6,17,-6.8755269050598145, ascent
6,17,0.6118951439857483, descent
6,18,-6.923583984375, ascent
6,18,0.6265594959259033, descent
6,19,-7.03037691116333, ascent
6,19,0.6632228493690491, descent
6,20,-7.1164727210998535, ascent
6,20,0.680026113986969, descent
6,21,-7.15163516998291, ascent
6,21,0.6626792550086975, descent
